0.000000000000000000e+00
1.458588615947821632e+00
1.571642778319605860e+00
2.908167431338346098e+00
3.407841506491990025e+00
5.914355540538609457e-01
7.372332876297362780e-01
2.232402662423735029e-01
-4.015493267058689586e-03
3.183957492026980307e-01
3.697589019651897901e-01
1.622819350047176368e+00
1.662410543556954057e+00
8.691523529736193687e-01
6.690757876705214491e-01
6.243272703200878349e-01
1.783056316131251373e+00
7.580240456036162477e-01
4.887885580229420768e-01
-7.072867710643442329e-01
-3.002833719084933239e+00
-1.048994441920431564e+00
7.460093929569063809e-01
-9.277958200266644972e-02
1.997342851515643725e+00
-2.409459042874885770e-01
-3.729099626602911943e-01
-4.506018745647188961e-01
1.429620607803246735e+00
2.351589528510192650e+00
1.343118530508778719e+00
7.650027290003803548e-01
-6.298987507294253607e-01
-2.437835412881559805e+00
-1.713947179786531327e+00
-4.485576141364969183e-01
1.254517632324878118e+00
1.971824051041839665e+00
5.801592280082386033e-01
-2.942228712632246612e-01
-1.307399978893884374e+00
-2.109610266334297712e+00
-2.767991545945816423e+00
6.430096934209870163e-01
3.195590172624177550e-01
-3.537105316158205559e-01
-1.617570377366968737e+00
-6.180172052028296004e-02
-1.397962706068790917e+00
-1.025580917582357587e+00
-1.345890298833647192e+00
