1.000000000000000000e+01
9.344351249666582149e+00
8.786947009486265614e+00
8.106432068433361948e+00
7.591828918963739348e+00
7.040498389994402473e+00
6.610068142997512552e+00
6.151736786122912193e+00
5.721764235491973771e+00
5.558408448964097914e+00
5.271381927346582508e+00
4.975233964841643264e+00
4.690601865271989190e+00
4.325290968301157335e+00
4.029925646709810572e+00
3.968310431221835799e+00
3.761737629379151571e+00
3.582688472479861108e+00
3.579141472604744578e+00
3.361908672718974422e+00
3.284940707461342591e+00
3.318900488254072911e+00
3.188242872629865943e+00
3.177500918249491324e+00
3.148980033478726792e+00
3.163593615964825467e+00
2.906017498202826843e+00
2.979875010122289503e+00
3.023147690336291493e+00
3.063459882553825508e+00
3.053579239791761601e+00
3.153488380583529427e+00
3.136224870047302993e+00
3.098325774616998096e+00
2.864807797037667303e+00
3.034252316145613193e+00
2.968775526151987254e+00
2.940259001112283332e+00
2.798204450887011863e+00
2.807718925104617735e+00
2.706690812161177462e+00
2.636710607863135714e+00
2.811495726500734094e+00
2.829089478624038811e+00
2.807195081952235771e+00
2.598833661254025262e+00
2.741424400942322315e+00
2.715042891769418709e+00
2.602360269379193181e+00
2.698576727274244469e+00
2.728259970534548717e+00
